      4.62545     -4.80727    0.0795550     0.242587
      5.44818     -3.76727    0.0765402     0.287272
      8.20909     -1.67136    0.0791078     0.284554
      8.25818     -1.70545    0.0760760     0.363618
      7.58727     -4.25545    0.0813496     0.308060
      7.64273     -4.01182    0.0868735     0.271778
      8.55091     -1.93091    0.0897567     0.325889
      8.43182     -1.79545    0.0966470     0.410838
      7.91364     -2.27364    0.0939906     0.479222
      5.74364     -3.40273    0.0894318     0.511081
      9.06818    -0.715455    0.0903656     0.476252
      10.0864      1.15818    0.0852556     0.415497
      9.80000     0.107273    0.0909803     0.493865
      10.6491     -1.96818    0.0958769     0.404336
     -1.63909     -6.61636     0.106054     0.334673
     -4.42818     -9.46091     0.124185     0.154627
     -3.30091     -9.00182     0.123381     0.144744
     -1.06818     -9.30091     0.126098     0.106500
     0.721818     -9.01273     0.131112   0.00735974
     0.776364     -8.76273     0.132167     0.117105
    -0.994545     -8.45091     0.130690     0.172311
     0.124545     -8.62045     0.134642     0.147704
      1.31000     -8.32545     0.133996     0.154313
     -2.39545     -8.88909     0.130437    0.0801836
     0.630909     -9.36909     0.128960     0.149779
    -0.862727     -6.79545     0.134743     0.151258
    -0.373636     -6.60091     0.130147     0.110279
     0.758182     -7.50545     0.133909    0.0678145
    -0.484545     -7.44818     0.139038    0.0366652
     -3.69364     -7.57091     0.144805  -0.00792873
     0.930000     -8.00636     0.149883    0.0591156
      2.68818     -7.34091     0.148400     0.101450
      3.80545     -8.65909     0.162598    0.0391496
      4.03182     -8.05091     0.161718    0.0345191
      4.56545     -7.15545     0.163598    0.0345920
      4.55182     -6.22818     0.164368    0.0130289
      4.66545     -5.35636     0.163568   -0.0463061
      5.21091     -7.79091     0.162689    0.0534976
      5.08909     -9.17000     0.163939   -0.0195145
      4.71182     -8.51818     0.163909    0.0508119
      4.47636     -9.59273     0.151924    0.0408685
      4.65000     -9.19182     0.153033    0.0663090
      5.38727     -9.69909     0.154124    0.0662582
      5.60273     -8.36000     0.152026    0.0633675
      5.51455     -7.63091     0.159605     0.106840
      3.39727     -10.9536     0.169659     0.112331
      7.60727     -7.80727     0.165287     0.107919
      7.47091     -6.52545     0.157043    0.0739015
      9.32000     -5.49545     0.150118     0.118490
      9.66909     -4.92545     0.144409   0.00494635
      10.6109     -3.52545     0.145262    0.0207191
      11.5673     -1.37000     0.142447    0.0402786
      12.7418     0.547273     0.150428     0.115229
      12.8709      4.18273     0.154868     0.178977
      12.4527      3.29182     0.154359     0.171443
      11.9073      5.49818     0.151150     0.205291
      12.4018      4.95000     0.138789     0.191680
      12.6045      3.57727     0.137935     0.240186
      12.7627   -0.0681818     0.141420     0.246968
      12.5373    -0.823636     0.143542     0.246017
      12.2264     -1.45000     0.136324     0.287603
      10.5273     -3.59545     0.120431     0.383200
      9.58000     -3.58909     0.115845     0.509838
      10.8173      4.63818     0.121422     0.559548
      11.7973    -0.898182     0.123503     0.541364
      11.2009     -1.04636     0.120846     0.500997
      11.0918     -6.18909     0.121648     0.396912
      7.56000     -9.53727     0.117391     0.427375
      9.85545     -2.07818     0.108696     0.483088
      11.4009      2.71000     0.114351     0.468690
      10.2255     -4.94909     0.112538     0.502979
      10.8295     -3.55409     0.119406     0.533275
      7.76182     -8.26727     0.116222     0.542565
      10.4655     -5.48909     0.110442     0.470390
      9.17455      2.47000     0.126956     0.509557
      9.27591      8.68273     0.137226     0.548121
      8.02727     -1.52091     0.136333     0.503047
      8.26818     -8.06091     0.160262     0.335084
     -1.04182     -13.2173     0.179882     0.145677
     -3.08545     -12.1582     0.186742    0.0889733
      1.72182     -11.1891     0.206830    0.0685400
      3.86182     -10.1382     0.219858    0.0483005
      3.52091     -12.7164     0.216522    0.0551233
      6.41182     -10.7564     0.212940     0.129192
      11.4627     -7.05727     0.214870     0.136043
      11.7418     -4.59455     0.214193     0.106330
      13.1091      1.10909     0.218358     0.111316
      12.3318     -6.58727     0.221391     0.147782
      13.4945     -7.22364     0.247687     0.123480
      13.1200     -8.49545     0.277638    0.0803313
    -0.444545     -18.3500     0.274344    0.0903221
   -0.0354544     -14.2573     0.268655    0.0644920
      12.5955     -5.41000     0.264478    0.0988953
      16.3173     -3.08182     0.275892    0.0654778
      14.4545     -4.00636     0.286990    0.0680509
      11.1482     -2.80273     0.293150    0.0594773
      6.46000     -10.4736     0.286245   0.00689375
      12.7270    -0.904878     0.330917    0.0458384
      12.3609     -3.97003     0.329198    0.0740848
      9.17501     -6.70707     0.321764    0.0804461
      5.98916     -9.44411     0.314199    0.0867157
      2.80331     -12.1812     0.306501    0.0928960
      4.11727     -13.8973     0.298537    0.0321883
      6.02091     -11.3355     0.289042    0.0849011
      11.6509     -5.61091     0.283628     0.107719
      9.46091     -7.08227     0.296164    0.0532531
      10.0527      7.00273     0.309707     0.120095
      12.0345      5.67273     0.306146     0.126869
      13.9009      2.46818     0.308594    0.0945346
      13.6464     -1.43182     0.312570    0.0705583
      10.0409     -4.54545     0.295504    0.0800852
      4.96818     -9.01636     0.296041     0.128972
      10.5136     -5.35273     0.296978     0.130597
      3.07455     -11.2036     0.292494     0.147957
      7.49364     -10.3382     0.283631    0.0845113
      7.47000     -10.4905     0.297305   0.00840664
      4.32091     -5.17273     0.349161    -0.215188
      4.28636     -4.30455     0.376270    -0.410253
      3.99545     -5.46182     0.389867    -0.495097
      4.21636     -4.84909     0.404342    -0.499564
      3.08909     -4.40364     0.398790    -0.511193
     0.799545     -6.04773     0.395759    -0.462868
      3.15364     -2.08455     0.370728    -0.484006
      3.41455     -2.76182     0.380533    -0.488360
      3.27545     -4.76909     0.400014    -0.506225
     -2.06091     -4.52818     0.397465    -0.499065
      2.68364     -3.53000     0.377633    -0.512926
      3.51818     -1.21273     0.367039    -0.517386
      2.60455     0.896364     0.368137    -0.494172
     0.847273      2.28636     0.371236    -0.485332
    -0.235455      2.43182     0.371042    -0.453457
     -1.68727      2.68273     0.374687    -0.453906
    0.0981818      1.38182     0.371180    -0.482804
     0.192727     0.662727     0.367925    -0.483405
     0.696364    -0.386364     0.368757    -0.499813
      1.48091      1.02818     0.372561    -0.494357
    -0.230000     0.650000     0.373611    -0.505845
      2.08455     -7.02364    0.0525024     0.191299
      6.96455     -5.33545    0.0527234     0.235574
      8.80273     -1.98273    0.0525465     0.238137
      9.55636     -1.49545    0.0523806     0.224486
      9.94091    -0.428182    0.0507321     0.207463
      9.15455      2.90227    0.0536017     0.206372
      6.24727      5.90636    0.0541918     0.220441
      5.70273      5.74182    0.0571241     0.237955
      6.07455      6.14545    0.0552595     0.227349
      7.34909      5.51773    0.0591609     0.206777
      7.32000      5.57273    0.0625525     0.205795
      5.20091      6.43091    0.0611989     0.277630
      7.08273      3.24182    0.0647306     0.285844
      4.49545     -4.01364    0.0705323     0.308817
      6.12545     0.528182    0.0714123     0.356582
      7.60182      1.96000    0.0708911     0.368355
      7.61606    -0.245758    0.0696292     0.370833
      7.04273     -2.74273    0.0688310     0.368794
     -1.03455     -4.96091    0.0720367     0.395628
     -4.73000     -4.16545    0.0738733     0.384027
     -5.01727     -5.13909    0.0746834     0.392345
     -1.56455     -5.33091    0.0749147     0.432707
     -5.59455     -4.77727    0.0759747     0.396532
     -7.78273     -5.35091    0.0774291     0.371101
     -8.02818     -5.22000    0.0779512     0.390325
     -7.74455     -5.52455    0.0802095     0.403962
     -8.05273     -6.30545    0.0831678     0.409503
     -5.88818     -4.63636    0.0842748     0.417743
     -8.85818      4.86727    0.0912266     0.295267
     -6.08727      8.00364    0.0860140     0.240935
     -8.51909      2.83636    0.0926764     0.252974
     -9.78636     -2.02364    0.0982270     0.280445
     -9.27545     -1.51455     0.100863     0.315939
     -9.69818      1.46545    0.0973785     0.307005
     -7.50545      4.80045    0.0810442     0.370421
     -8.59455     -5.45955    0.0996151     0.260740
     -5.79273     -8.23818     0.100656     0.231337
     -2.47818     -9.16273    0.0934472     0.284533
      5.84909     -8.11364    0.0872006     0.209637
      5.31545     -9.45818    0.0933263     0.189095
      3.07545     -9.15455    0.0965121     0.215241
      5.17636     -8.83000    0.0903504     0.201149
      6.45818     -10.0118    0.0943122     0.132289
      4.10545     -12.3209     0.107611    0.0916350
      4.77773     -11.5918     0.108721    0.0819689
      5.88318     -10.6850    0.0989547    0.0856149
      3.97545     -11.6627     0.105804    0.0769713
      5.59182     -10.6100     0.106010     0.101028
      5.94273     -8.48000     0.100854    0.0923697
      1.41818     -11.8527     0.106919    0.0145587
     0.825455     -10.0045     0.105658    0.0867480
      4.32545     -5.79727     0.106264     0.109486
      9.35273     0.769091     0.101882    0.0828506
      9.83545      1.28318    0.0992377    0.0906748
      8.92136      4.16227     0.112206    0.0265385
      5.42818      11.1491     0.111839    0.0169953
      3.11545      7.82727     0.103843    0.0159119
      6.69455      5.56000     0.107918    0.0354843
      7.25636      4.15273     0.110858   0.00956678
      7.21727      2.09818     0.108463   -0.0141042
      4.83182     -6.15818     0.111424    0.0371910
      3.89727     -7.48727     0.114945    0.0209637
      5.91909     -2.34818     0.103095   0.00860012
      5.56182     -6.62636     0.112167  -0.00138408
      5.76364     -6.78500     0.116269   -0.0192325
      2.99955     -7.41636     0.111791  -0.00330925
      6.98273     -1.93909     0.103410   0.00634933
      8.76273      1.29818     0.103823   -0.0259910
      8.01636     -1.71409    0.0963237  -0.00962079
      7.53409     -1.04136     0.101942   -0.0226506
      7.04091     -3.88727     0.112851   -0.0932243
      8.95364     0.278182     0.111115    -0.141736
      9.08091     -1.87364     0.117382    -0.145473
      8.64727     -1.27727     0.117748    -0.180366
      6.97545      1.35818     0.124947    -0.138248
      6.89909      3.71636     0.150171    -0.100453
      8.20091     -1.18909     0.135767    -0.100279
      6.84182     -3.15818     0.126853   -0.0561234
      5.98773     -4.21227     0.120193   -0.0326861
      4.59045     -6.02091     0.122817   -0.0663287
      1.40000     -7.28273     0.125088    -0.104979
      2.94909     -1.25273     0.129354    -0.161895
      6.06455     0.826364     0.130345    -0.222837
      2.24545     -3.75727     0.135667    -0.210355
     0.664545     -3.11909     0.148759    -0.267899
      2.00182     0.230000     0.160218    -0.359067
      2.66909     0.337727     0.164924    -0.367175
      3.53182     0.680909     0.165901    -0.373426
      3.01273    -0.603636     0.162023    -0.369341
      2.38182     -2.11182     0.161124    -0.395676
      3.07727    -0.946364     0.163812    -0.408126
      2.23636     -2.26909     0.166535    -0.405507
      1.76364     -2.84727     0.162578    -0.405206
     0.458182     -2.19455     0.156625    -0.379202
    -0.212727     -1.71273     0.153362    -0.357625
    -0.153636    -0.760000     0.153322    -0.358481
    -0.742727    -0.750909     0.153379    -0.356817
    -0.359091     -1.43455     0.154863    -0.386446
    -0.454545     -1.81091     0.152976    -0.413822
     -1.00909     -1.29273     0.152572    -0.399720
    -0.569091     -1.29091     0.151406    -0.424235
    -0.319091     -1.38000     0.150025    -0.439876
    -0.207273     -1.10909     0.150837    -0.414437
    -0.274545     -1.08636     0.152106    -0.378824
    -0.737273     -1.04273     0.152791    -0.379864
    -0.220000    -0.886364     0.155025    -0.356099
    -0.622727    -0.540000     0.147836    -0.417523
    -0.912727     0.111818     0.143408    -0.410609
    -0.510909      1.13182     0.145583    -0.419075
      1.49364    -0.343636     0.149512    -0.425443
      2.31636   -0.0672727     0.154217    -0.477852
      3.11909    -0.230000     0.161090    -0.513376
      2.87091      1.25818     0.166794    -0.537330
      3.03545     0.150909     0.160620    -0.476372
      2.33545      1.36364     0.170246    -0.504456
      2.69182      2.42273     0.176669    -0.536175
      2.42727      1.10909     0.168665    -0.503511
      1.02091    -0.715149     0.158206    -0.471142
      1.94000     0.460000     0.150696    -0.430626
      2.50000     0.628182     0.161770    -0.406311
      2.13818     0.568182     0.162389    -0.399324
      1.63818    -0.378182     0.159017    -0.403403
     0.128636      1.64045     0.159249    -0.387409
     0.182273      4.37636     0.162263    -0.373660
    -0.335682      4.48182     0.165531    -0.368556
    -0.340000      4.58727     0.168775    -0.363512
      1.09091      4.60273     0.174199    -0.345386
      1.90364      3.74682     0.169156    -0.353766
      3.00909      4.00364     0.171765    -0.362710
      3.15409      3.09409     0.172158    -0.371685
      4.05636      2.85636     0.172539    -0.375156
      4.75091      2.83000     0.177640    -0.378918
      5.23000      2.26545     0.177192    -0.392399
      6.01864    -0.807273     0.181192    -0.402548
      5.76545    -0.130909     0.171763    -0.375331
      4.54091     0.488182     0.164677    -0.377168
      3.78636    -0.422727     0.160106    -0.375062
      2.87909    -0.563636     0.157186    -0.353374
      3.61273     0.660000     0.160201    -0.345124
      3.59364      3.36091     0.162333    -0.360378
      5.44000     0.683636     0.169152    -0.348062
      6.08636    -0.635455     0.181792    -0.395676
      4.09091     0.307273     0.169815    -0.343466
      4.05409     0.726818     0.157079    -0.351566
      4.27545     0.677273     0.157846    -0.345328
      4.33545     0.878182     0.158930    -0.363102
      4.17545      1.21545     0.157851    -0.410406
      4.10000      1.46727     0.157151    -0.427234
      2.72545      2.82909     0.151419    -0.313526
      3.07000      2.58182     0.153449    -0.257275
      3.99455      3.84091     0.167022   -0.0529229
      13.6345     -5.79727     0.215943   -0.0705811
      14.8455    0.0454545     0.233307   -0.0931754
      11.8745      4.23182     0.227534   -0.0837375
      16.3600      1.10818     0.244954    -0.352350
      11.9927      8.57364     0.229157   -0.0877417
      18.6927      4.71091     0.255126    -0.276880
      18.4891      2.96364     0.256968    -0.253720
      12.7273      5.98182     0.255452    -0.202921
      10.5018      1.31000     0.259263   -0.0961704
      9.53273     0.832727     0.248195   -0.0179756
      6.37091     -2.10455     0.222058   -0.0849042
      11.1355      1.73364     0.222754    -0.136569
      16.3118      6.67545     0.251650    -0.206718
      17.0291      4.61545     0.247730    -0.233858
      16.0036      2.68000     0.255816    -0.228713
      14.1860     -1.67713     0.234812   -0.0968133
      15.9460    -0.250391     0.245069    -0.117038
      16.8060     -2.73440     0.252928   -0.0923820
      16.1050     -6.78737     0.259286   -0.0591332
      15.4995     -2.54773     0.246634   -0.0561010
      13.8000      10.1136     0.241152   -0.0875364
      10.2673      16.5736     0.243339   -0.0158411
      9.44636      17.3991     0.250484  -0.00845176
      11.6900      16.0364     0.253378   -0.0398104
      12.9145      13.9855     0.249740   -0.0842405
      15.2273      2.15636     0.244904    -0.122576
      5.45909      7.86818     0.247150   -0.0462183
     -14.5709      4.26727     0.270698    0.0846088
     -5.79182     -15.3191     0.300120    0.0747666
      1.66545     -16.4627     0.296474    0.0427903
      12.8264     -8.10909     0.286919    0.0112243
      15.6191    -0.740000     0.283436   -0.0649968
      15.4436      3.73182     0.276391    -0.196791
      13.1991      1.90818     0.298342    -0.155997
      14.3345      2.24091     0.278474    -0.174544
      15.1673     -4.60727     0.294491    -0.203646
      14.6268     -3.68409     0.287299    -0.222376
      14.0491      3.19455     0.271283    -0.103324
      1.67545      14.6218     0.270259   -0.0975768
      9.58000      13.0418     0.262917    -0.167230
    -0.472727      16.5673     0.260635   -0.0602539
      5.08909      14.6582     0.257465   -0.0957518
      12.1745      6.86000     0.272628    -0.129649
      15.8282     -2.32818     0.295735    -0.126627
      15.9173     -2.91636     0.298701    -0.159324
      15.0936    -0.815455     0.308831    -0.197164
      13.4564     -2.23091     0.313623    -0.189584
      11.2145     -2.89545     0.329847    -0.141107
      11.2209     -4.68364     0.325721    -0.149660
      10.7827     -6.36818     0.320401    -0.150441
      10.2336     -8.06182     0.309086    -0.271667
      9.69182     -8.33091     0.317323    -0.296351
      10.1536     -6.97636     0.319188    -0.288691
      7.85136     -7.66273     0.325425    -0.283716
      2.68955     -10.2445     0.333580    -0.238674
     0.958182     -10.7418     0.332815    -0.284665
      3.20182     -10.5245     0.334536    -0.309040
      3.85273     -10.8173     0.334860    -0.297765
      4.53364     -10.6573     0.335820    -0.286853
      4.83591     -10.9968     0.332703    -0.298040
      4.61909     -11.1218     0.328742    -0.296943
      4.39273     -10.1418     0.322632    -0.265928
      4.02000     -10.7227     0.315076    -0.242604
      3.59727     -10.4764     0.311557    -0.229014
      3.65909     -10.5536     0.308334    -0.284681
      2.52727     -10.4100     0.305631    -0.279615
      2.93182     -9.17636     0.307098    -0.304757
      2.36909     -10.1764     0.295119    -0.337736
      2.01576     -10.4283     0.293846    -0.326351
      3.37727     -9.64591     0.297529    -0.335584
      3.82455     -9.16364     0.297503    -0.347710
      1.20000     -8.61273     0.294165    -0.303485
     -1.14636     -6.19182     0.277165    -0.240355
     -5.56545      7.21636     0.255390    -0.165926
     -3.09273      1.96636     0.267662   -0.0254046
     0.732727     -9.29455     0.272622    -0.208246
      2.01818     -11.0527     0.259414    -0.477912
     0.779091     -11.1673     0.255750    -0.492758
     -1.15455     -11.5264     0.251496    -0.624087
     -1.40909     -11.1564     0.250810    -0.589913
     -1.09727     -10.0545     0.252768    -0.585179
    -0.605455     -7.52727     0.260333    -0.362692
     -5.70818     -7.60182     0.261607    -0.339480
     -9.25545     -6.25455     0.261285    -0.717522
     -8.87636     -7.47636     0.254790    -0.760587
     -8.88091     -7.66818     0.247161    -0.729427
     -9.64818     -7.04091     0.251321    -0.704883
     -9.89000     -6.94636     0.251940    -0.697886
     -10.0409     -6.81818     0.257320    -0.724270
     -10.4855     -6.19545     0.250400    -0.720623
     -11.2464     -5.00727     0.250277    -0.649047
     -11.0264     -5.63727     0.250673    -0.647642
     -11.7509     -4.40364     0.253395    -0.659826
     -12.0127     -4.35273     0.248153    -0.739278
     -11.7873     -4.23091     0.239400    -0.720623
     -6.49636     -6.47727     0.247694    -0.388084
     -5.39273     -7.03909     0.255632    -0.434152
     -5.98364     -6.90909     0.250771    -0.389098
     -2.81227     -7.50864     0.247991    -0.304041
     -2.68455     -7.46091     0.245238    -0.421882
     -3.50727     -8.12545     0.244474    -0.405959
     -4.74818     -7.88818     0.242268    -0.442274
     -6.68273     -8.26182     0.230922    -0.432974
     -5.91909     -8.43091     0.253590    -0.586091
     -5.51909     -8.40364     0.264060    -0.753591
     -6.86273     -7.50636     0.247648    -0.770714
     -7.04909     -8.85909     0.249054    -0.772269
     -7.34727     -8.99727     0.243638    -0.768314
     -8.33455     -5.02364     0.237735    -0.628093
     -8.67000     -3.99000     0.233453    -0.645019
     -8.05909     -2.79091     0.230422    -0.508893
     -8.18818     -3.42909     0.226124    -0.502191
     -7.33636     -3.02455     0.236742    -0.603009
     -8.25455     -1.77545     0.236541    -0.486298
     -9.55727     -4.35818     0.245380    -0.644758
     -9.87818     -4.83091     0.245798    -0.805561
     -10.0627     -4.34727     0.244265    -0.802594
     -10.2273     -3.62455     0.244101    -0.812864
     -10.5582     -3.69727     0.245212    -0.800407
     -11.1445     -3.38727     0.236521    -0.753703
     -11.1564     -3.57909     0.227242    -0.682316
     -11.6418     -2.14455     0.237944    -0.718347
     -11.8700     -2.79091     0.238040    -0.772971
     -11.6409     -2.78727     0.237363    -0.754936
     -11.9009     -3.12909     0.236946    -0.779694
     -11.7173     -3.42455     0.231628    -0.829205
     -11.5745     -3.58818     0.233449    -0.829738
     -13.2282     -1.87182     0.229517    -0.788249
     -13.8291     -1.25909     0.223951    -0.735912
     -13.3555    -0.708182     0.223538    -0.748694
     -13.1009    -0.603636     0.226281    -0.763732
     -12.7645    -0.195455     0.230148    -0.791869
     -12.5500    -0.779091     0.231332    -0.755610
     -11.7600      1.84273     0.226283    -0.711588
     -12.2945    -0.179091     0.228184    -0.747588
     -12.1855     -2.49182     0.220077    -0.700354
     -11.8336     -3.76182     0.212171    -0.676186
     -11.6300     -4.59455     0.218537    -0.588656
     -12.7900     -4.12455     0.224224    -0.581849
     -13.2045     -5.03273     0.230511    -0.559019
     -13.1300     -4.44364     0.227829    -0.662450
     -13.3300     -5.30545     0.230114    -0.677499
     -13.8509     -3.88182     0.225511    -0.652847
     -13.5073     -2.93364     0.219233    -0.657577
     -13.2509     -2.70909     0.219693    -0.703933
     -13.0873     -2.13727     0.219934    -0.729004
     -12.9427     -2.18091     0.224045    -0.715467
     -12.8809     -1.83182     0.225718    -0.704033
     -11.6045     -2.69273     0.220791    -0.671435
     -12.0055     -1.26091     0.214388    -0.610462
     -12.6745      1.13727     0.210326    -0.564572
     -12.8136      1.43455     0.210196    -0.562127
     -11.9600     -2.19182     0.211302    -0.520536
     -13.1418      1.58364     0.211216    -0.550872
     -14.6164      4.79545     0.205809    -0.559234
     -14.1164      5.49636     0.197855    -0.602850
     -12.7427      4.81636     0.208614    -0.734325
     -12.5918      5.12364     0.208606    -0.729004
     -12.5064      5.32636     0.203436    -0.759224
     -12.1500      5.65727     0.199077    -0.807509
     -11.8364      5.90818     0.194346    -0.791217
     -11.0800      6.35182     0.190365    -0.760814
     -11.8845      6.47909     0.188832    -0.785879
     -11.9218      6.45273     0.191700    -0.812479
     -11.8218      6.60091     0.191700    -0.812479
     -11.0600      6.48000     0.191700    -0.812479
     0.555455      1.47000    0.0409775    -0.248931
     -2.13273     0.656364    0.0440545    -0.233790
     -2.70273     0.210909    0.0522034    -0.222244
     -2.34727     -1.71273    0.0659015    -0.253861
     -1.12727     -4.70682    0.0670798    -0.313648
     -2.05091     -4.64182    0.0658908    -0.295460
     -3.06545     -4.20909    0.0636537    -0.291966
     -3.69091     -3.77636    0.0593407    -0.286968
     -4.25000     -3.47455    0.0601513    -0.254748
     -4.47364     -1.83455    0.0565820    -0.248196
     -4.16545     -1.08818    0.0547810    -0.199439
     -3.98364     -1.83727    0.0541036    -0.232035
     -4.32091     -1.09545    0.0540924    -0.202795
     -4.90909     0.685455    0.0611989    -0.151363
     -4.72909   -0.0863636    0.0667801    -0.188943
     -4.49182     -1.48636    0.0609279    -0.207513
     -4.39545    -0.986364    0.0552208    -0.175135
     -4.16909    0.0854545    0.0576603    -0.137489
     -4.16818     0.570000    0.0534637    -0.179440
     -6.07091     -1.08273    0.0983577    0.0338987
     -7.27000     -3.47273     0.132154     0.199406
     -8.92545      3.13727     0.142923     0.283383
     -1.57091      5.96364     0.147389     0.302646
     -1.05000      10.3245     0.152861     0.331114
     -1.60091      11.7000     0.152154     0.336423
     0.305455      12.5036     0.165871     0.315913
    -0.414545      12.0773     0.160934     0.300378
     -2.47364      12.3118     0.146279     0.252588
     -3.55818      11.1045     0.159173     0.202104
     -8.65909      3.51636     0.143336     0.244682
     0.381818      1.84818     0.186758     0.500087
     0.456364     -2.06273     0.186067     0.655322
     -1.75091    0.0309091     0.184258     0.656098
      3.10091     -4.33636     0.178551     0.571439
      3.81091     -4.49545     0.185449     0.548914
      4.79909     -2.30909     0.183366     0.541840
     -1.38273      1.55455     0.189402     0.595386
     -3.10500     0.795909     0.186852     0.647423
     -6.08364    -0.184545     0.190720     0.583127
     -1.00818    -0.512727     0.189640     0.615213
     -1.86636     -3.96000     0.189495     0.608497
     -4.92000     -3.22818     0.192294     0.596497
      3.02909     -1.93636     0.194717     0.614667
      5.14727      2.26273     0.198239     0.625644
      8.13182      3.03364     0.195207     0.583843
      5.18909      3.43636     0.195346     0.592661
      13.6245      1.06909     0.196603     0.441281
      10.5127      4.10818     0.199365     0.545375
      10.9545      3.80182     0.200200     0.568394
      10.2364      1.92727     0.198543     0.582032
      7.66727    -0.380000     0.194693     0.661821
      4.12000     -1.75364     0.190551     0.689139
      4.23727    -0.622727     0.188784     0.711201
      3.08364    -0.361818     0.188218     0.666101
      3.01455     0.650909     0.186750     0.661417
      4.64455    -0.992727     0.181249     0.696416
      4.39545     0.294545     0.184045     0.694713
      9.31545      2.27455     0.188153     0.563427
      14.0109    -0.300000     0.185277     0.393591
      7.56182     0.915455     0.186035     0.563999
     -8.52909      1.10545     0.188565     0.645994
    -0.621818      5.28727     0.185408     0.615395
      11.3082      5.05182     0.183530     0.535915
      13.4555      3.51455     0.177026     0.487151
      10.8545      2.65091     0.176735     0.537613
      10.4100      1.03182     0.177889     0.551472
      13.5573      3.21636     0.178932     0.336005
      13.9091      3.40636     0.178179     0.300813
      11.4664      3.21091     0.174197     0.447616
      10.6736      2.70273     0.175528     0.549449
      8.62273      5.37455     0.174536     0.593437
      4.88455      7.79909     0.168970     0.578024
      11.5764      6.32636     0.166407     0.449282
      10.5573      8.60636     0.166586     0.436697
      13.3800      5.31091     0.166356     0.315703
      16.0164      1.09545     0.170145     0.247951
      16.4345     0.443636     0.171543     0.216981
      16.4536     -1.71182     0.171358     0.199057
      16.2645      1.21364     0.160693     0.195069
      16.0700      4.66000     0.157012     0.188622
      15.8100      5.75000     0.154352     0.190535
      16.2509      5.85455     0.154325     0.187162
      16.1055      6.73727     0.154509     0.234494
      14.8173      9.63182     0.156020     0.218774
      10.8000      13.3618     0.152905     0.232788
      7.33545      15.0445     0.150599     0.349066
      6.22545      5.31364     0.153791     0.457207
      8.99909     -6.65909     0.150175     0.608361
      8.81364     -14.7255     0.159847     0.501084
      6.65727     -15.8891     0.156403     0.454471
      4.54273     -16.1491     0.152352     0.480334
      3.65091     -15.5891     0.151877     0.596797
      2.29000     -16.0600     0.149702     0.596487
     -2.99455     -11.8214     0.148307     0.656812
     -5.89455     -13.4518     0.152774     0.580780
     -2.55727     -15.5800     0.152343     0.523652
      1.15136     -14.8823     0.149923     0.486353
      6.00545     -10.7000     0.146190     0.641884
      4.86455     -13.7445     0.141375     0.555699
      4.32455     -16.3664     0.137290     0.362799
      5.61364     -16.0164     0.133918     0.310268
      3.30364     -14.3809     0.131674     0.471105
      1.11000     -13.9591     0.128380     0.613525
     0.480909     -14.3382     0.128092     0.643255
     0.461818     -13.9264     0.129150     0.702039
  -0.00272728     -12.3936     0.127319     0.746018
      2.13273     -12.1800     0.125799     0.757724
      2.65818     -12.4173     0.125518     0.733941
      2.56455     -12.5900     0.125153     0.719945
      2.83364     -12.9827     0.127371     0.719199
      2.56182     -13.1073     0.127622     0.698788
      2.32909     -13.2273     0.124947     0.706865
      2.42000     -13.2309     0.122515     0.675178
      2.16818     -12.5191     0.114945     0.694541
      2.56636     -12.0055     0.105001     0.752593
      3.04591     -8.84955    0.0992484     0.805817
      3.11091     -6.77909    0.0976324     0.829028
      3.35318     -6.54318    0.0980198     0.843402
      3.48545     -6.93091    0.0990975     0.823124
      3.18636     -7.54364     0.100389     0.811063
      2.86909     -7.31091     0.100339     0.813708
      3.12818     -7.26909    0.0998583     0.800989
      3.12182     -7.75455    0.0977550     0.790477
      2.95182     -8.45909    0.0948644     0.787667
      2.48455     -8.06455    0.0950551     0.762556
      2.54091     -7.68909    0.0943422     0.760052
      2.14000     -6.99909    0.0945332     0.755001
      2.23364     -7.07727    0.0936184     0.731340
      1.94818     -7.16364    0.0925503     0.717322
      1.18318     -7.69636    0.0910647     0.703342
    -0.149091     -7.56364    0.0911760     0.699633
    -0.686364     -7.48182    0.0912874     0.693551
    -0.646364     -7.79636    0.0915956     0.694398
    -0.469091     -7.74000    0.0921364     0.713929
   -0.0313636     -6.79273    0.0926788     0.758232
    -0.417955     -6.81091    0.0927243     0.790066
     0.536364     -6.93455    0.0945532     0.827181
      1.19636     -7.89455    0.0940509     0.809064
     0.924545     -8.66273    0.0951905     0.775044
     -1.38091     -7.30818    0.0963271     0.789372
     -2.09182     -7.91818    0.0951655     0.741692
     -3.08545     -9.14727    0.0932760     0.664608
     -2.21182     -9.37000    0.0929434     0.696134
     -2.83182     -10.5745    0.0938866     0.658430
     -3.09818     -11.5955    0.0960469     0.603951
     -2.89182     -11.1264    0.0990589     0.607884
     -4.00000     -11.0173    0.0996449     0.604952
     -1.93000     -8.40545    0.0967870     0.655863
      4.86636     -10.8282    0.0948846     0.517352
      2.68818     -9.72000    0.0997641     0.416429
      3.93364     -10.0836    0.0928226     0.396279
     0.492727     -9.36000    0.0945632     0.537327
     0.831818     -10.2118    0.0927620     0.526527
    -0.989091     -10.5964    0.0893250     0.467090
      2.58591     -12.0409     0.103730     0.385931
    -0.446364     -11.8645    0.0946839     0.383636
    -0.433636     -13.3436     0.109163     0.315904
     -2.43136     -13.5382     0.107011     0.281509
     0.750909     -15.4091     0.121710    0.0238321
    -0.299091     -15.2718     0.126891  -0.00237536
     -2.66455     -15.2809     0.125836   -0.0748755
   -0.0990909     -15.3532     0.122610     0.134336
     -2.73455     -14.7109     0.112707     0.232627
     -2.16364     -14.6718     0.106215     0.301109
     -1.35182     -14.7482     0.105139     0.316256
    -0.552727     -15.0664     0.106958     0.343032
     -1.59182     -15.0036     0.108419     0.336623
     -2.69455     -14.3800     0.104629     0.372803
     -3.49000     -13.7018     0.101329     0.474309
     -2.56545     -13.8418     0.102129     0.416368
     -3.12545     -13.0800     0.105569     0.316942
     -3.27091     -12.9936     0.108088     0.254636
     -1.66000     -13.2891     0.105335     0.312216
     -2.40636     -12.8982     0.104521     0.364687
     -1.82091     -12.9909     0.104570     0.372678
     -1.46091     -13.3609     0.104049     0.347915
     -1.91455     -13.4000     0.104540     0.328898
    -0.614545     -14.1064     0.103430     0.269640
    -0.765455     -14.1791     0.100399     0.262688
     -1.28545     -14.5427     0.100706     0.208124
    -0.683636     -14.7682    0.0996847     0.181818
     0.371818     -14.6582     0.101487     0.233573
     0.905455     -15.1518     0.103528     0.182155
     0.753636     -15.3327     0.103597     0.163487
     0.310000     -15.2418     0.101131     0.161803
      1.63727     -15.4064     0.107874     0.113305
      3.10455     -15.2945     0.109167    0.0729181
      1.94545     -15.4555     0.110128    0.0911552
      3.36636     -15.5073     0.112704    0.0839477
      2.79545     -15.7382     0.111984   0.00439954
     0.779091     -15.7082     0.108166    0.0333872
      1.20545     -15.8755     0.104756    0.0887480
      1.20091     -16.5845     0.115146    0.0841699
      1.47909     -17.3027     0.112341   -0.0201207
     0.211818     -17.4264     0.114197  -0.00340873
      3.05182     -16.5800     0.118865    0.0911231
      2.68091     -16.0327     0.120297     0.180100
     0.553636     -17.8536     0.112890    -0.343815
      2.42455     -17.1600     0.114600   -0.0619809
      2.79909     -17.0173     0.114638  -0.00893509
     0.430909     -17.8636     0.112736    -0.185752
     0.307273     -18.0536     0.114333    -0.213517
   0.00727273     -18.6150     0.119326    -0.465570
     0.183636     -18.6573     0.119245    -0.521827
    -0.874545     -18.8700     0.125476    -0.763554
     -1.45818     -18.7809     0.125747    -0.768391
     -1.91818     -18.8936     0.127105    -0.894026
     -1.89545     -18.8555     0.123419    -0.922467
     -2.32000     -18.6800     0.119615    -0.872895
     0.918182     -4.28545     0.137799    -0.422091
    0.0136364     -4.47818     0.136254    -0.435190
     0.684545     -2.56364     0.131370    -0.373380
      4.68727    -0.183636     0.135849    -0.306833
      5.49091    -0.624545     0.152514    -0.299768
      4.97909     -2.37000     0.162071    -0.284833
      4.15273     0.922727     0.141447    -0.268045
      3.74818      4.24000     0.146763    -0.254499
      5.38182      3.22727     0.157047    -0.279540
      5.83273      2.84000     0.160525    -0.256455
      5.89273      2.34182     0.154837    -0.248616
      5.40636      1.48273     0.145351    -0.255636
      2.27818      3.23273     0.132402    -0.261796
      1.92909      2.29273     0.129613    -0.256597
      4.68727      1.79727     0.151058    -0.239098
    -0.553636     0.434545     0.129748    -0.277478
    -0.451818    -0.552727     0.121162    -0.287389
     0.511818    -0.620000     0.120704    -0.296787
      1.69545     -2.19091     0.123733    -0.295226
      3.21000     -2.54182     0.132687    -0.269805
      2.56455     -3.58818     0.147676    -0.295771
      3.28909     -3.12091     0.155431    -0.269805
      2.99545     -1.33364     0.133317    -0.246173
      5.26727     0.312727     0.141235    -0.216649
      3.74091     -4.06545     0.137327    -0.261496
      3.11091     -3.17364     0.137221    -0.259350
      5.41455     -2.11909     0.142995    -0.231295
      4.47364     -3.51545     0.143070    -0.235846
      5.22000      2.34727     0.149113    -0.176259
      5.65182     0.589091     0.146956    -0.176822
      4.48545    -0.923636     0.137317    -0.204499
     0.577273     -6.69273     0.141224    -0.267136
    0.0109091     -5.46227     0.135215    -0.255291
      4.40818      3.49545     0.143767    -0.210676
      4.72455      1.55727     0.138403    -0.217495
      4.93818      1.94273     0.137567    -0.209555
      4.69273     0.751818     0.133703    -0.234840
      3.42000      3.23909     0.132605    -0.238687
      2.98545      3.82545     0.134477    -0.217788
      5.45000      3.71636     0.145601    -0.194870
      5.46091      4.40727     0.147307    -0.174308
      3.36727      4.49545     0.140752    -0.179500
      2.58364      2.00545     0.129317    -0.190440
      3.02715     -2.12370     0.114955    -0.264169
      2.10146     -2.56291     0.108419    -0.305629
      2.89364    -0.200000     0.113486    -0.246800
      4.47000     -5.16727     0.128672    -0.267314
      5.87364     -2.64818     0.133018    -0.287350
      5.29273      1.29727     0.128166    -0.262302
      5.28273      1.85727     0.132083    -0.290062
      4.37455      2.39636     0.137408    -0.283011
      5.72818     -1.94455     0.133551    -0.340775
      6.00091     -4.85091     0.154369    -0.347842
      7.06091     -3.39364     0.148626    -0.328322
      6.40455     -5.47273     0.159372    -0.339738
      7.47000     -2.62545     0.155034    -0.351817
      6.85182 1.93038e-008     0.151278    -0.343118
      6.54818     -1.18545     0.145333    -0.309321
      7.15091     -2.78545     0.151018    -0.301623
      6.17182      2.96273     0.156590    -0.256134
      5.25273      5.45909     0.165193    -0.215675
      6.53273      2.59455     0.153125    -0.252800
      6.96455     0.594545     0.151384    -0.265637
      7.95727    -0.409091     0.165590    -0.263459
      7.80455     -1.84727     0.161696    -0.310288
      8.12727     -1.91455     0.174527    -0.304598
      7.44182     -3.55455     0.176602    -0.300635
      5.91545     -5.69455     0.174598    -0.323057
      5.23636     -6.06909     0.194382    -0.342075
      4.79909     -6.11182     0.193407    -0.363786
      7.04182     -3.68091     0.166871    -0.296201
      7.17273     -3.47273     0.158636    -0.318060
      6.69364     -3.27909     0.161499    -0.312268
      7.37091     -2.32091     0.168123    -0.318594
      7.53727     -2.98364     0.163581    -0.292972
      7.58545     -2.36273     0.160676    -0.286891
      5.94182    -0.644545     0.174853    -0.314095
      3.80091      2.55818     0.178676    -0.342075
      4.06545      1.96545     0.181081    -0.338230
      3.87727      1.40273     0.183923    -0.328575
      3.09364      1.06273     0.183252    -0.312471
      4.49727     0.968182     0.187954    -0.344120
      3.06909      3.09000     0.180916    -0.330007
      3.26182      2.51364     0.181841    -0.310288
      3.04091     0.160909     0.181743    -0.315481
      2.41727    -0.492727     0.180171    -0.328322
      2.79364      1.78727     0.180776    -0.299887
      3.02818     -2.57000     0.185947    -0.323556
      3.86091     -2.39091     0.188544    -0.355203
      5.35909    -0.804545     0.191226    -0.354667
      3.87182      2.18182     0.187675    -0.320159
      4.82545      1.55727     0.186055    -0.325849
      4.44000    -0.350000     0.184935    -0.313364
