 -3.536   3.536   0.100  -0.300
 -3.536   3.536   0.100  -0.300
 -3.536   3.536   0.100  -0.300
 -3.536   3.536   0.100  -0.300
 -3.536   3.536   0.100  -0.300
 -3.536   3.536   0.100  -0.300
 -3.536   3.536   0.100  -0.300
 -3.536   3.536   0.100  -0.300
 -3.536   3.536   0.100  -0.300
 -3.536   3.536   0.100  -0.300
 -3.536   3.536   0.100  -0.300
 -3.536   3.536   0.100  -0.300
 -3.536   3.536   0.100  -0.300
 -3.536   3.536   0.100  -0.300
 -3.536   3.536   0.100  -0.300
 -3.536   3.536   0.100  -0.300
 -3.536   3.536   0.100  -0.300
 -3.536   3.536   0.100  -0.300
 -3.536   3.536   0.100  -0.300
 -3.536   3.536   0.100  -0.300
 -0.000   5.000   0.100  -0.300
 -0.000   5.000   0.100  -0.300
 -0.000   5.000   0.100  -0.300
 -0.000   5.000   0.100  -0.300
 -0.000   5.000   0.100  -0.300
 -0.000   5.000   0.100  -0.300
 -0.000   5.000   0.100  -0.300
 -0.000   5.000   0.100  -0.300
 -0.000   5.000   0.100  -0.300
 -0.000   5.000   0.100  -0.300
 -0.000   5.000   0.100  -0.300
 -0.000   5.000   0.100  -0.300
 -0.000   5.000   0.100  -0.300
 -0.000   5.000   0.100  -0.300
 -0.000   5.000   0.100  -0.300
 -0.000   5.000   0.100  -0.300
 -0.000   5.000   0.100  -0.300
 -0.000   5.000   0.100  -0.300
 -0.000   5.000   0.100  -0.300
 -0.000   5.000   0.100  -0.300
  3.536   3.536   0.100  -0.300
  3.536   3.536   0.100  -0.300
  3.536   3.536   0.100  -0.300
  3.536   3.536   0.100  -0.300
  3.536   3.536   0.100  -0.300
  3.536   3.536   0.100  -0.300
  3.536   3.536   0.100  -0.300
  3.536   3.536   0.100  -0.300
  3.536   3.536   0.100  -0.300
  3.536   3.536   0.100  -0.300
  3.536   3.536   0.100  -0.300
  3.536   3.536   0.100  -0.300
  3.536   3.536   0.100  -0.300
  3.536   3.536   0.100  -0.300
  3.536   3.536   0.100  -0.300
  3.536   3.536   0.100  -0.300
  3.536   3.536   0.100  -0.300
  3.536   3.536   0.100  -0.300
  3.536   3.536   0.100  -0.300
  3.536   3.536   0.100  -0.300
 -5.000  -0.000   0.100  -0.300
 -5.000  -0.000   0.100  -0.300
 -5.000  -0.000   0.100  -0.300
 -5.000  -0.000   0.100  -0.300
 -5.000  -0.000   0.100  -0.300
 -5.000  -0.000   0.100  -0.300
 -5.000  -0.000   0.100  -0.300
 -5.000  -0.000   0.100  -0.300
 -5.000  -0.000   0.100  -0.300
 -5.000  -0.000   0.100  -0.300
 -5.000  -0.000   0.100  -0.300
 -5.000  -0.000   0.100  -0.300
 -5.000  -0.000   0.100  -0.300
 -5.000  -0.000   0.100  -0.300
 -5.000  -0.000   0.100  -0.300
 -5.000  -0.000   0.100  -0.300
 -5.000  -0.000   0.100  -0.300
 -5.000  -0.000   0.100  -0.300
 -5.000  -0.000   0.100  -0.300
 -5.000  -0.000   0.100  -0.300
  0.000   0.000   0.100  -0.300
  0.000   0.000   0.100  -0.300
  0.000   0.000   0.100  -0.300
  0.000   0.000   0.100  -0.300
  0.000   0.000   0.100  -0.300
  0.000   0.000   0.100  -0.300
  0.000   0.000   0.100  -0.300
  0.000   0.000   0.100  -0.300
  0.000   0.000   0.100  -0.300
  0.000   0.000   0.100  -0.300
  0.000   0.000   0.100  -0.300
  0.000   0.000   0.100  -0.300
  0.000   0.000   0.100  -0.300
  0.000   0.000   0.100  -0.300
  0.000   0.000   0.100  -0.300
  0.000   0.000   0.100  -0.300
  0.000   0.000   0.100  -0.300
  0.000   0.000   0.100  -0.300
  0.000   0.000   0.100  -0.300
  0.000   0.000   0.100  -0.300
  5.000   0.000   0.100  -0.300
  5.000   0.000   0.100  -0.300
  5.000   0.000   0.100  -0.300
  5.000   0.000   0.100  -0.300
  5.000   0.000   0.100  -0.300
  5.000   0.000   0.100  -0.300
  5.000   0.000   0.100  -0.300
  5.000   0.000   0.100  -0.300
  5.000   0.000   0.100  -0.300
  5.000   0.000   0.100  -0.300
  5.000   0.000   0.100  -0.300
  5.000   0.000   0.100  -0.300
  5.000   0.000   0.100  -0.300
  5.000   0.000   0.100  -0.300
  5.000   0.000   0.100  -0.300
  5.000   0.000   0.100  -0.300
  5.000   0.000   0.100  -0.300
  5.000   0.000   0.100  -0.300
  5.000   0.000   0.100  -0.300
  5.000   0.000   0.100  -0.300
 -3.536  -3.536   0.100  -0.300
 -3.536  -3.536   0.100  -0.300
 -3.536  -3.536   0.100  -0.300
 -3.536  -3.536   0.100  -0.300
 -3.536  -3.536   0.100  -0.300
 -3.536  -3.536   0.100  -0.300
 -3.536  -3.536   0.100  -0.300
 -3.536  -3.536   0.100  -0.300
 -3.536  -3.536   0.100  -0.300
 -3.536  -3.536   0.100  -0.300
 -3.536  -3.536   0.100  -0.300
 -3.536  -3.536   0.100  -0.300
 -3.536  -3.536   0.100  -0.300
 -3.536  -3.536   0.100  -0.300
 -3.536  -3.536   0.100  -0.300
 -3.536  -3.536   0.100  -0.300
 -3.536  -3.536   0.100  -0.300
 -3.536  -3.536   0.100  -0.300
 -3.536  -3.536   0.100  -0.300
 -3.536  -3.536   0.100  -0.300
 -0.000  -5.000   0.100  -0.300
 -0.000  -5.000   0.100  -0.300
 -0.000  -5.000   0.100  -0.300
 -0.000  -5.000   0.100  -0.300
 -0.000  -5.000   0.100  -0.300
 -0.000  -5.000   0.100  -0.300
 -0.000  -5.000   0.100  -0.300
 -0.000  -5.000   0.100  -0.300
 -0.000  -5.000   0.100  -0.300
 -0.000  -5.000   0.100  -0.300
 -0.000  -5.000   0.100  -0.300
 -0.000  -5.000   0.100  -0.300
 -0.000  -5.000   0.100  -0.300
 -0.000  -5.000   0.100  -0.300
 -0.000  -5.000   0.100  -0.300
 -0.000  -5.000   0.100  -0.300
 -0.000  -5.000   0.100  -0.300
 -0.000  -5.000   0.100  -0.300
 -0.000  -5.000   0.100  -0.300
 -0.000  -5.000   0.100  -0.300
  3.536  -3.536   0.100  -0.300
  3.536  -3.536   0.100  -0.300
  3.536  -3.536   0.100  -0.300
  3.536  -3.536   0.100  -0.300
  3.536  -3.536   0.100  -0.300
  3.536  -3.536   0.100  -0.300
  3.536  -3.536   0.100  -0.300
  3.536  -3.536   0.100  -0.300
  3.536  -3.536   0.100  -0.300
  3.536  -3.536   0.100  -0.300
  3.536  -3.536   0.100  -0.300
  3.536  -3.536   0.100  -0.300
  3.536  -3.536   0.100  -0.300
  3.536  -3.536   0.100  -0.300
  3.536  -3.536   0.100  -0.300
  3.536  -3.536   0.100  -0.300
  3.536  -3.536   0.100  -0.300
  3.536  -3.536   0.100  -0.300
  3.536  -3.536   0.100  -0.300
  3.536  -3.536   0.100  -0.300
